0.000000000000000000e+00 4.300000000000000000e+01 1.000000000000000000e+00
0.000000000000000000e+00 7.000000000000000000e+00 1.000000000000000000e+00
0.000000000000000000e+00 8.000000000000000000e+00 1.000000000000000000e+00
0.000000000000000000e+00 9.000000000000000000e+00 1.000000000000000000e+00
0.000000000000000000e+00 1.700000000000000000e+01 1.000000000000000000e+00
0.000000000000000000e+00 1.400000000000000000e+01 1.000000000000000000e+00
0.000000000000000000e+00 1.800000000000000000e+01 1.000000000000000000e+00
0.000000000000000000e+00 2.100000000000000000e+01 1.000000000000000000e+00
0.000000000000000000e+00 3.500000000000000000e+01 1.000000000000000000e+00
0.000000000000000000e+00 4.700000000000000000e+01 1.000000000000000000e+00
0.000000000000000000e+00 7.200000000000000000e+01 1.000000000000000000e+00
0.000000000000000000e+00 8.200000000000000000e+01 1.000000000000000000e+00
0.000000000000000000e+00 1.220000000000000000e+02 1.000000000000000000e+00
0.000000000000000000e+00 1.560000000000000000e+02 1.000000000000000000e+00
0.000000000000000000e+00 2.450000000000000000e+02 1.000000000000000000e+00
0.000000000000000000e+00 3.160000000000000000e+02 1.000000000000000000e+00
0.000000000000000000e+00 3.740000000000000000e+02 1.000000000000000000e+00
0.000000000000000000e+00 5.100000000000000000e+02 1.000000000000000000e+00
0.000000000000000000e+00 6.100000000000000000e+02 1.000000000000000000e+00
0.000000000000000000e+00 7.440000000000000000e+02 1.000000000000000000e+00
0.000000000000000000e+00 9.540000000000000000e+02 1.000000000000000000e+00
0.000000000000000000e+00 1.224000000000000000e+03 1.000000000000000000e+00
0.000000000000000000e+00 1.367000000000000000e+03 1.000000000000000000e+00
0.000000000000000000e+00 1.835000000000000000e+03 1.000000000000000000e+00
1.000000000000000000e+00 2.374000000000000000e+03 4.591350736530584731e-02
1.000000000000000000e+00 3.164000000000000000e+03 3.444964174628194903e-02
2.000000000000000000e+00 4.069000000000000000e+03 5.357516170323719379e-02
7.000000000000000000e+00 5.261000000000000000e+03 1.450276877773527262e-01
8.000000000000000000e+00 7.103000000000000000e+03 1.227635269438108884e-01
2.300000000000000000e+01 9.476000000000000000e+03 2.645598701097963135e-01
1.800000000000000000e+01 1.239200000000000000e+04 1.583260165214855908e-01
6.200000000000000000e+01 1.660800000000000000e+04 4.069073532083717359e-01
8.100000000000000000e+01 2.177600000000000000e+04 4.054414027050020075e-01
1.270000000000000000e+02 2.870000000000000000e+04 4.823285938545290308e-01
1.720000000000000000e+02 3.692400000000000000e+04 5.077394278913608394e-01
2.510000000000000000e+02 4.766200000000000000e+04 5.740142102260554768e-01
3.500000000000000000e+02 6.012300000000000000e+04 6.345247787008736484e-01
5.390000000000000000e+02 7.566000000000000000e+04 7.765038492670135462e-01
6.600000000000000000e+02 9.265000000000000000e+04 7.764610888316871851e-01
8.150000000000000000e+02 1.146840000000000000e+05 7.745972688907555304e-01
1.114000000000000000e+03 1.384680000000000000e+05 8.769139040395832474e-01
1.404000000000000000e+03 1.649940000000000000e+05 9.275132898485488608e-01
1.614000000000000000e+03 1.949300000000000000e+05 9.024975514655058095e-01
2.015000000000000000e+03 2.282780000000000000e+05 9.621264991271638589e-01
2.472000000000000000e+03 2.647220000000000000e+05 1.017840238255617535e+00
2.838000000000000000e+03 3.033930000000000000e+05 1.019595756939349451e+00
3.301000000000000000e+03 3.443050000000000000e+05 1.045017057747533062e+00
3.802000000000000000e+03 3.877480000000000000e+05 1.068768710546198930e+00
4.139000000000000000e+03 4.343220000000000000e+05 1.038735041242194068e+00
4.759000000000000000e+03 4.837590000000000000e+05 1.072279076571678313e+00
5.180000000000000000e+03 5.337540000000000000e+05 1.057815196501614929e+00
5.845000000000000000e+03 5.880370000000000000e+05 1.083430473943314709e+00
6.477000000000000000e+03 6.449290000000000000e+05 1.094669898275429043e+00
7.088000000000000000e+03 7.089930000000000000e+05 1.089689951871673390e+00
7.703000000000000000e+03 7.755050000000000000e+05 1.082670940787968661e+00
8.351000000000000000e+03 8.458570000000000000e+05 1.076124999637298574e+00
9.078000000000000000e+03 9.126890000000000000e+05 1.084147934677609948e+00
9.495000000000000000e+03 9.720560000000000000e+05 1.064694151651053744e+00
9.685000000000000000e+03 1.024950000000000000e+06 1.029954714775853875e+00
1.021800000000000000e+04 1.069258000000000000e+06 1.041608642765490034e+00
1.050200000000000000e+04 1.109118000000000000e+06 1.032084949868228074e+00
1.094300000000000000e+04 1.141389000000000000e+06 1.045018313079886463e+00
1.097000000000000000e+04 1.171096000000000000e+06 1.021022504852753254e+00
1.103200000000000000e+04 1.187326000000000000e+06 1.012757480814135747e+00
1.111300000000000000e+04 1.198856000000000000e+06 1.010381714443126189e+00
1.116200000000000000e+04 1.201648000000000000e+06 1.012478791882652107e+00
1.126200000000000000e+04 1.202653000000000000e+06 1.020695896452866069e+00
1.120600000000000000e+04 1.204402000000000000e+06 1.014145656212423807e+00
1.105500000000000000e+04 1.204829000000000000e+06 1.000125543122123650e+00
1.118500000000000000e+04 1.201158000000000000e+06 1.014978949178514167e+00
1.102800000000000000e+04 1.190799000000000000e+06 1.009437607857567532e+00
1.084900000000000000e+04 1.179269000000000000e+06 1.002762332172155935e+00
1.058400000000000000e+04 1.169933000000000000e+06 9.860751736037353110e-01
1.058000000000000000e+04 1.158504000000000000e+06 9.954267671184542365e-01
1.047000000000000000e+04 1.148555000000000000e+06 9.936102651596325774e-01
1.029000000000000000e+04 1.136106000000000000e+06 9.872285492137876650e-01
9.963000000000000000e+03 1.117583000000000000e+06 9.716984905751134827e-01
9.523000000000000000e+03 1.097950000000000000e+06 9.453930515405102319e-01
9.353000000000000000e+03 1.067144000000000000e+06 9.553204887404258550e-01
8.787000000000000000e+03 1.029163000000000000e+06 9.306312823194864414e-01
8.611000000000000000e+03 9.764520000000000000e+05 9.612223817498124490e-01
7.857000000000000000e+03 9.167540000000000000e+05 9.341682965926518811e-01
7.434000000000000000e+03 8.539430000000000000e+05 9.488877906970899501e-01
6.920000000000000000e+03 7.850380000000000000e+05 9.608079762735481921e-01
6.266000000000000000e+03 7.204190000000000000e+05 9.480394661946580648e-01
5.658000000000000000e+03 6.549610000000000000e+05 9.416048512407086957e-01
5.194000000000000000e+03 5.900850000000000000e+05 9.594195306173113336e-01
4.490000000000000000e+03 5.314710000000000000e+05 9.208480096161596462e-01
4.051000000000000000e+03 4.726400000000000000e+05 9.342281608236531198e-01
3.659000000000000000e+03 4.172300000000000000e+05 9.558903258861511931e-01
3.124000000000000000e+03 3.647520000000000000e+05 9.335434325236805497e-01
2.734000000000000000e+03 3.143430000000000000e+05 9.480165111697587133e-01
2.356000000000000000e+03 2.682990000000000000e+05 9.571442988576782662e-01
2.019000000000000000e+03 2.279300000000000000e+05 9.655083035743063924e-01
1.668000000000000000e+03 1.926970000000000000e+05 9.435008105853945892e-01
1.401000000000000000e+03 1.630820000000000000e+05 9.363825054010604942e-01
1.227000000000000000e+03 1.366120000000000000e+05 9.789869394883661258e-01
9.910000000000000000e+02 1.144380000000000000e+05 9.438969440821139978e-01
8.590000000000000000e+02 9.476100000000000000e+04 9.880631748379374857e-01
6.880000000000000000e+02 7.867400000000000000e+04 9.531876165167962878e-01
5.700000000000000000e+02 6.568500000000000000e+04 9.458664824021399964e-01
5.270000000000000000e+02 5.610600000000000000e+04 1.023817367798798950e+00
4.070000000000000000e+02 4.807700000000000000e+04 9.227376346171991539e-01
4.030000000000000000e+02 4.113800000000000000e+04 1.067783134657740884e+00
3.220000000000000000e+02 3.458100000000000000e+04 1.014937989307597155e+00
2.670000000000000000e+02 2.897400000000000000e+04 1.004439979000415262e+00
2.360000000000000000e+02 2.443500000000000000e+04 1.052739320258470057e+00
2.020000000000000000e+02 2.106500000000000000e+04 1.045228133397469117e+00
2.090000000000000000e+02 1.805200000000000000e+04 1.261949994206422510e+00
1.780000000000000000e+02 1.697400000000000000e+04 1.143028315916815307e+00
1.660000000000000000e+02 1.454100000000000000e+04 1.244328356822033577e+00
1.540000000000000000e+02 1.274100000000000000e+04 1.317462886643619546e+00
1.320000000000000000e+02 1.137200000000000000e+04 1.265197324661551548e+00
1.590000000000000000e+02 1.011100000000000000e+04 1.714052810914107106e+00
1.470000000000000000e+02 8.943000000000000000e+03 1.791658724514112233e+00
1.070000000000000000e+02 7.659000000000000000e+03 1.522765023360786119e+00
1.060000000000000000e+02 6.936000000000000000e+03 1.665781235212662192e+00
9.100000000000000000e+01 6.359000000000000000e+03 1.559817369107797447e+00
9.000000000000000000e+01 5.793000000000000000e+03 1.693402379366692134e+00
8.800000000000000000e+01 5.489000000000000000e+03 1.747473610985748715e+00
1.080000000000000000e+02 5.262000000000000000e+03 2.237144808134834406e+00
8.100000000000000000e+01 4.830000000000000000e+03 1.827927947267934172e+00
7.600000000000000000e+01 4.518000000000000000e+03 1.833532238352798327e+00
6.800000000000000000e+01 4.158000000000000000e+03 1.782565974265525099e+00
6.900000000000000000e+01 3.909000000000000000e+03 1.923997950238242494e+00
7.500000000000000000e+01 3.470000000000000000e+03 2.355878958614612717e+00
5.900000000000000000e+01 3.152000000000000000e+03 2.040266917077706132e+00
5.000000000000000000e+01 2.960000000000000000e+03 1.841193690628988078e+00
4.300000000000000000e+01 2.631000000000000000e+03 1.781430124996256747e+00
4.200000000000000000e+01 2.406000000000000000e+03 1.902719863832051272e+00
3.600000000000000000e+01 2.188000000000000000e+03 1.793396706338436397e+00
3.400000000000000000e+01 1.844000000000000000e+03 2.009736800703918913e+00
3.900000000000000000e+01 1.701000000000000000e+03 2.499087591372255890e+00
2.900000000000000000e+01 1.483000000000000000e+03 2.131464145699154766e+00
1.500000000000000000e+01 1.330000000000000000e+03 1.229308268630482148e+00
1.300000000000000000e+01 1.052000000000000000e+03 1.346941696110331765e+00
1.400000000000000000e+01 9.270000000000000000e+02 1.646150302905399432e+00
5.000000000000000000e+00 8.190000000000000000e+02 6.654375243298906728e-01
6.000000000000000000e+00 6.100000000000000000e+02 1.072118031002322169e+00
5.000000000000000000e+00 5.190000000000000000e+02 1.050083492150636566e+00
2.000000000000000000e+00 3.930000000000000000e+02 5.547005928001836894e-01
1.000000000000000000e+00 3.230000000000000000e+02 3.374571717809167204e-01
3.000000000000000000e+00 2.120000000000000000e+02 1.542433959696737134e+00
2.000000000000000000e+00 1.690000000000000000e+02 1.289925047162557181e+00
0.000000000000000000e+00 1.180000000000000000e+02 1.000000000000000000e+00
0.000000000000000000e+00 7.100000000000000000e+01 1.000000000000000000e+00
0.000000000000000000e+00 6.700000000000000000e+01 1.000000000000000000e+00
0.000000000000000000e+00 3.200000000000000000e+01 1.000000000000000000e+00
0.000000000000000000e+00 2.600000000000000000e+01 1.000000000000000000e+00
0.000000000000000000e+00 1.200000000000000000e+01 1.000000000000000000e+00
0.000000000000000000e+00 1.600000000000000000e+01 1.000000000000000000e+00
0.000000000000000000e+00 5.000000000000000000e+00 1.000000000000000000e+00
0.000000000000000000e+00 3.000000000000000000e+00 1.000000000000000000e+00
0.000000000000000000e+00 1.000000000000000000e+00 1.000000000000000000e+00
0.000000000000000000e+00 2.000000000000000000e+00 1.000000000000000000e+00
0.000000000000000000e+00 0.000000000000000000e+00 1.000000000000000000e+00
0.000000000000000000e+00 1.000000000000000000e+00 1.000000000000000000e+00
0.000000000000000000e+00 0.000000000000000000e+00 1.000000000000000000e+00
0.000000000000000000e+00 0.000000000000000000e+00 1.000000000000000000e+00
0.000000000000000000e+00 0.000000000000000000e+00 1.000000000000000000e+00
0.000000000000000000e+00 0.000000000000000000e+00 1.000000000000000000e+00
0.000000000000000000e+00 0.000000000000000000e+00 1.000000000000000000e+00
0.000000000000000000e+00 0.000000000000000000e+00 1.000000000000000000e+00
0.000000000000000000e+00 0.000000000000000000e+00 1.000000000000000000e+00
0.000000000000000000e+00 0.000000000000000000e+00 1.000000000000000000e+00
