0.000000000000000000e+00 3.900000000000000000e+01 1.000000000000000000e+00
0.000000000000000000e+00 7.000000000000000000e+00 1.000000000000000000e+00
0.000000000000000000e+00 3.000000000000000000e+00 1.000000000000000000e+00
0.000000000000000000e+00 8.000000000000000000e+00 1.000000000000000000e+00
0.000000000000000000e+00 1.200000000000000000e+01 1.000000000000000000e+00
0.000000000000000000e+00 7.000000000000000000e+00 1.000000000000000000e+00
0.000000000000000000e+00 1.100000000000000000e+01 1.000000000000000000e+00
0.000000000000000000e+00 1.400000000000000000e+01 1.000000000000000000e+00
0.000000000000000000e+00 2.100000000000000000e+01 1.000000000000000000e+00
0.000000000000000000e+00 2.700000000000000000e+01 1.000000000000000000e+00
0.000000000000000000e+00 5.100000000000000000e+01 1.000000000000000000e+00
0.000000000000000000e+00 4.800000000000000000e+01 1.000000000000000000e+00
0.000000000000000000e+00 5.800000000000000000e+01 1.000000000000000000e+00
0.000000000000000000e+00 1.010000000000000000e+02 1.000000000000000000e+00
0.000000000000000000e+00 1.200000000000000000e+02 1.000000000000000000e+00
0.000000000000000000e+00 1.650000000000000000e+02 1.000000000000000000e+00
0.000000000000000000e+00 2.410000000000000000e+02 1.000000000000000000e+00
0.000000000000000000e+00 3.150000000000000000e+02 1.000000000000000000e+00
0.000000000000000000e+00 3.740000000000000000e+02 1.000000000000000000e+00
0.000000000000000000e+00 4.670000000000000000e+02 1.000000000000000000e+00
0.000000000000000000e+00 5.490000000000000000e+02 1.000000000000000000e+00
0.000000000000000000e+00 6.020000000000000000e+02 1.000000000000000000e+00
0.000000000000000000e+00 8.520000000000000000e+02 1.000000000000000000e+00
0.000000000000000000e+00 9.470000000000000000e+02 1.000000000000000000e+00
0.000000000000000000e+00 1.160000000000000000e+03 1.000000000000000000e+00
0.000000000000000000e+00 1.527000000000000000e+03 1.000000000000000000e+00
0.000000000000000000e+00 1.993000000000000000e+03 1.000000000000000000e+00
0.000000000000000000e+00 2.416000000000000000e+03 1.000000000000000000e+00
2.000000000000000000e+00 3.161000000000000000e+03 8.271405984202970241e-02
2.000000000000000000e+00 4.155000000000000000e+03 6.292638824564522615e-02
1.000000000000000000e+00 5.381000000000000000e+03 2.429466113739601682e-02
1.000000000000000000e+00 7.251000000000000000e+03 1.802917826235387808e-02
5.000000000000000000e+00 9.313000000000000000e+03 7.018660559450658198e-02
6.000000000000000000e+00 1.212900000000000000e+04 6.466958772215085360e-02
1.000000000000000000e+01 1.601900000000000000e+04 8.160907146533988299e-02
1.300000000000000000e+01 2.099000000000000000e+04 8.096638544755900557e-02
2.900000000000000000e+01 2.684300000000000000e+04 1.412344959888801876e-01
3.700000000000000000e+01 3.479700000000000000e+04 1.390060680079355793e-01
2.900000000000000000e+01 4.394100000000000000e+04 8.627836362007033910e-02
3.600000000000000000e+01 5.473600000000000000e+04 8.598115640331421838e-02
6.700000000000000000e+01 6.805700000000000000e+04 1.286991976708049545e-01
9.200000000000000000e+01 8.354000000000000000e+04 1.439684053793413021e-01
1.040000000000000000e+02 1.012020000000000000e+05 1.343439402813591532e-01
1.200000000000000000e+02 1.221370000000000000e+05 1.284422295425575733e-01
1.470000000000000000e+02 1.451020000000000000e+05 1.324395736951124725e-01
1.990000000000000000e+02 1.709840000000000000e+05 1.521498195415083576e-01
2.550000000000000000e+02 1.985860000000000000e+05 1.678670236219251544e-01
3.010000000000000000e+02 2.298780000000000000e+05 1.711760196525057287e-01
3.290000000000000000e+02 2.624660000000000000e+05 1.638689546452793688e-01
3.980000000000000000e+02 2.981790000000000000e+05 1.744937419770356823e-01
4.340000000000000000e+02 3.344520000000000000e+05 1.696405883829737449e-01
4.730000000000000000e+02 3.731660000000000000e+05 1.657039691651842062e-01
6.000000000000000000e+02 4.161370000000000000e+05 1.884901918074979588e-01
6.530000000000000000e+02 4.602000000000000000e+05 1.854985011776492110e-01
7.100000000000000000e+02 5.062170000000000000e+05 1.833561413821204189e-01
8.770000000000000000e+02 5.556290000000000000e+05 2.063424232283549153e-01
9.670000000000000000e+02 6.066340000000000000e+05 2.083884116587219615e-01
1.068000000000000000e+03 6.633940000000000000e+05 2.104619312923997621e-01
1.130000000000000000e+03 7.232300000000000000e+05 2.042564825653949423e-01
1.278000000000000000e+03 7.840110000000000000e+05 2.130995515109598282e-01
1.355000000000000000e+03 8.459690000000000000e+05 2.093913246127746819e-01
1.556000000000000000e+03 9.048240000000000000e+05 2.248119119066142035e-01
1.599000000000000000e+03 9.552720000000000000e+05 2.188241516101638029e-01
1.730000000000000000e+03 9.964830000000000000e+05 2.269603784850994510e-01
1.901000000000000000e+03 1.029801000000000000e+06 2.413251837725963189e-01
2.094000000000000000e+03 1.065798000000000000e+06 2.568476605221690634e-01
2.122000000000000000e+03 1.090900000000000000e+06 2.542929240933686774e-01
2.322000000000000000e+03 1.111812000000000000e+06 2.730264336142455006e-01
2.517000000000000000e+03 1.129567000000000000e+06 2.913030671643961345e-01
2.743000000000000000e+03 1.136195000000000000e+06 3.156071051578642761e-01
2.920000000000000000e+03 1.144545000000000000e+06 3.335214858433330765e-01
3.161000000000000000e+03 1.145262000000000000e+06 3.608223932736934203e-01
3.368000000000000000e+03 1.146666000000000000e+06 3.839803369791591758e-01
3.817000000000000000e+03 1.143030000000000000e+06 4.365543990289947329e-01
4.188000000000000000e+03 1.136910000000000000e+06 4.815644560945135932e-01
4.590000000000000000e+03 1.127579000000000000e+06 5.321567123489399087e-01
5.249000000000000000e+03 1.118350000000000000e+06 6.135820818394432941e-01
5.822000000000000000e+03 1.109535000000000000e+06 6.859698574093375800e-01
6.487000000000000000e+03 1.100935000000000000e+06 7.702931879189847120e-01
7.108000000000000000e+03 1.091803000000000000e+06 8.510929121764375660e-01
8.054000000000000000e+03 1.079911000000000000e+06 9.749840213757997587e-01
8.687000000000000000e+03 1.063149000000000000e+06 1.068192500127742361e+00
9.575000000000000000e+03 1.046758000000000000e+06 1.195821429481924270e+00
1.027300000000000000e+04 1.021567000000000000e+06 1.314632215845567664e+00
1.107600000000000000e+04 9.925210000000000000e+05 1.458871635787769128e+00
1.179200000000000000e+04 9.534150000000000000e+05 1.616885729797860494e+00
1.206200000000000000e+04 9.094120000000000000e+05 1.733933676267649604e+00
1.204300000000000000e+04 8.518520000000000000e+05 1.848180470952570875e+00
1.234600000000000000e+04 7.934670000000000000e+05 2.034095042050556579e+00
1.214700000000000000e+04 7.305430000000000000e+05 2.173687388676975640e+00
1.198500000000000000e+04 6.720500000000000000e+05 2.331365099903623950e+00
1.181900000000000000e+04 6.131390000000000000e+05 2.519971501581037998e+00
1.125000000000000000e+04 5.565350000000000000e+05 2.642614894442738560e+00
1.075900000000000000e+04 5.031010000000000000e+05 2.795699989927963980e+00
1.012000000000000000e+04 4.483970000000000000e+05 2.950473050428345623e+00
9.498000000000000000e+03 3.991360000000000000e+05 3.110893206500929598e+00
8.945000000000000000e+03 3.512640000000000000e+05 3.329051704091604780e+00
8.083000000000000000e+03 3.072480000000000000e+05 3.439199366908135769e+00
7.296000000000000000e+03 2.678720000000000000e+05 3.560666864211536886e+00
6.455000000000000000e+03 2.292040000000000000e+05 3.681695714520762941e+00
5.873000000000000000e+03 1.976350000000000000e+05 3.884811768620265227e+00
5.262000000000000000e+03 1.679480000000000000e+05 4.095904718458604599e+00
4.636000000000000000e+03 1.432120000000000000e+05 4.231923957813593873e+00
3.982000000000000000e+03 1.216050000000000000e+05 4.280787418550766610e+00
3.457000000000000000e+03 1.017730000000000000e+05 4.440589635298102245e+00
3.027000000000000000e+03 8.530700000000000000e+04 4.638756645687373670e+00
2.685000000000000000e+03 7.139600000000000000e+04 4.916366458809744877e+00
2.263000000000000000e+03 5.986600000000000000e+04 4.941720183180472681e+00
1.943000000000000000e+03 5.175900000000000000e+04 4.907505121439308837e+00
1.862000000000000000e+03 4.462500000000000000e+04 5.454755457312507438e+00
1.615000000000000000e+03 3.923500000000000000e+04 5.381120379819794408e+00
1.439000000000000000e+03 3.415200000000000000e+04 5.508311475289644044e+00
1.183000000000000000e+03 2.934100000000000000e+04 5.270886581218362288e+00
1.068000000000000000e+03 2.506000000000000000e+04 5.571395947637280521e+00
1.028000000000000000e+03 2.147500000000000000e+04 6.257974369479726739e+00
9.750000000000000000e+02 1.863800000000000000e+04 6.838788082992797612e+00
8.620000000000000000e+02 1.665000000000000000e+04 6.768101543678239906e+00
7.950000000000000000e+02 1.522100000000000000e+04 6.828067105075930066e+00
7.410000000000000000e+02 1.345400000000000000e+04 7.200134721348522504e+00
6.970000000000000000e+02 1.141800000000000000e+04 7.980251479373672296e+00
6.650000000000000000e+02 1.000700000000000000e+04 8.687435305378045314e+00
6.360000000000000000e+02 8.971000000000000000e+03 9.268086893890155054e+00
5.980000000000000000e+02 7.816000000000000000e+03 1.000208339368425392e+01
6.230000000000000000e+02 7.261000000000000000e+03 1.121670886855038063e+01
6.110000000000000000e+02 6.478000000000000000e+03 1.233031309595251201e+01
5.420000000000000000e+02 5.876000000000000000e+03 1.205844584692609800e+01
5.260000000000000000e+02 5.716000000000000000e+03 1.203004804955432228e+01
4.940000000000000000e+02 5.313000000000000000e+03 1.215516814618520769e+01
5.180000000000000000e+02 4.984000000000000000e+03 1.358706221480936627e+01
4.800000000000000000e+02 4.748000000000000000e+03 1.321613192050493346e+01
4.620000000000000000e+02 4.476000000000000000e+03 1.349353486821079429e+01
4.210000000000000000e+02 3.901000000000000000e+03 1.410847209313459771e+01
4.580000000000000000e+02 3.965000000000000000e+03 1.510066678027495790e+01
3.720000000000000000e+02 3.503000000000000000e+03 1.388278636251270370e+01
3.200000000000000000e+02 3.290000000000000000e+03 1.271533826921123023e+01
3.400000000000000000e+02 2.950000000000000000e+03 1.506713706349542647e+01
3.050000000000000000e+02 2.682000000000000000e+03 1.486671116032812279e+01
2.660000000000000000e+02 2.550000000000000000e+03 1.363688864328126904e+01
2.790000000000000000e+02 2.355000000000000000e+03 1.548770720633184794e+01
2.460000000000000000e+02 2.098000000000000000e+03 1.532863422724531866e+01
2.090000000000000000e+02 1.780000000000000000e+03 1.534970812375760829e+01
1.950000000000000000e+02 1.625000000000000000e+03 1.568754858963935384e+01
1.640000000000000000e+02 1.483000000000000000e+03 1.445694520510707015e+01
1.360000000000000000e+02 1.293000000000000000e+03 1.375036483752869465e+01
9.800000000000000000e+01 1.067000000000000000e+03 1.200702719294483600e+01
9.700000000000000000e+01 9.960000000000000000e+02 1.273169522418856658e+01
7.300000000000000000e+01 8.050000000000000000e+02 1.185497978306079681e+01
6.300000000000000000e+01 6.800000000000000000e+02 1.211171030817744310e+01
3.400000000000000000e+01 5.420000000000000000e+02 8.200748032714299640e+00
2.700000000000000000e+01 4.600000000000000000e+02 7.673257462323597622e+00
2.300000000000000000e+01 4.000000000000000000e+02 7.516950365868857453e+00
1.800000000000000000e+01 2.620000000000000000e+02 8.981420948266807258e+00
1.300000000000000000e+01 2.060000000000000000e+02 8.249924420117784152e+00
7.000000000000000000e+00 1.620000000000000000e+02 5.648808648532688714e+00
2.000000000000000000e+00 1.140000000000000000e+02 2.293501255795227234e+00
3.000000000000000000e+00 7.000000000000000000e+01 5.602695924871198052e+00
2.000000000000000000e+00 5.300000000000000000e+01 4.933191380389733816e+00
0.000000000000000000e+00 3.900000000000000000e+01 1.000000000000000000e+00
0.000000000000000000e+00 2.300000000000000000e+01 1.000000000000000000e+00
0.000000000000000000e+00 1.500000000000000000e+01 1.000000000000000000e+00
0.000000000000000000e+00 1.200000000000000000e+01 1.000000000000000000e+00
0.000000000000000000e+00 1.000000000000000000e+01 1.000000000000000000e+00
0.000000000000000000e+00 8.000000000000000000e+00 1.000000000000000000e+00
0.000000000000000000e+00 4.000000000000000000e+00 1.000000000000000000e+00
0.000000000000000000e+00 0.000000000000000000e+00 1.000000000000000000e+00
0.000000000000000000e+00 1.000000000000000000e+00 1.000000000000000000e+00
0.000000000000000000e+00 0.000000000000000000e+00 1.000000000000000000e+00
0.000000000000000000e+00 1.000000000000000000e+00 1.000000000000000000e+00
0.000000000000000000e+00 0.000000000000000000e+00 1.000000000000000000e+00
0.000000000000000000e+00 0.000000000000000000e+00 1.000000000000000000e+00
0.000000000000000000e+00 0.000000000000000000e+00 1.000000000000000000e+00
0.000000000000000000e+00 0.000000000000000000e+00 1.000000000000000000e+00
0.000000000000000000e+00 0.000000000000000000e+00 1.000000000000000000e+00
0.000000000000000000e+00 0.000000000000000000e+00 1.000000000000000000e+00
0.000000000000000000e+00 0.000000000000000000e+00 1.000000000000000000e+00
0.000000000000000000e+00 0.000000000000000000e+00 1.000000000000000000e+00
0.000000000000000000e+00 0.000000000000000000e+00 1.000000000000000000e+00
