0.000000000000000000e+00 4.200000000000000000e+01 1.000000000000000000e+00
0.000000000000000000e+00 7.000000000000000000e+00 1.000000000000000000e+00
0.000000000000000000e+00 5.000000000000000000e+00 1.000000000000000000e+00
0.000000000000000000e+00 9.000000000000000000e+00 1.000000000000000000e+00
0.000000000000000000e+00 1.200000000000000000e+01 1.000000000000000000e+00
0.000000000000000000e+00 1.600000000000000000e+01 1.000000000000000000e+00
0.000000000000000000e+00 1.400000000000000000e+01 1.000000000000000000e+00
0.000000000000000000e+00 1.900000000000000000e+01 1.000000000000000000e+00
0.000000000000000000e+00 2.600000000000000000e+01 1.000000000000000000e+00
0.000000000000000000e+00 4.200000000000000000e+01 1.000000000000000000e+00
0.000000000000000000e+00 5.900000000000000000e+01 1.000000000000000000e+00
0.000000000000000000e+00 7.700000000000000000e+01 1.000000000000000000e+00
0.000000000000000000e+00 9.200000000000000000e+01 1.000000000000000000e+00
0.000000000000000000e+00 1.400000000000000000e+02 1.000000000000000000e+00
0.000000000000000000e+00 1.990000000000000000e+02 1.000000000000000000e+00
0.000000000000000000e+00 2.400000000000000000e+02 1.000000000000000000e+00
0.000000000000000000e+00 3.530000000000000000e+02 1.000000000000000000e+00
0.000000000000000000e+00 3.990000000000000000e+02 1.000000000000000000e+00
0.000000000000000000e+00 5.470000000000000000e+02 1.000000000000000000e+00
0.000000000000000000e+00 6.130000000000000000e+02 1.000000000000000000e+00
0.000000000000000000e+00 7.520000000000000000e+02 1.000000000000000000e+00
0.000000000000000000e+00 9.880000000000000000e+02 1.000000000000000000e+00
0.000000000000000000e+00 1.146000000000000000e+03 1.000000000000000000e+00
0.000000000000000000e+00 1.407000000000000000e+03 1.000000000000000000e+00
0.000000000000000000e+00 1.932000000000000000e+03 1.000000000000000000e+00
0.000000000000000000e+00 2.448000000000000000e+03 1.000000000000000000e+00
1.000000000000000000e+00 3.076000000000000000e+03 4.642231734314431618e-02
2.000000000000000000e+00 4.097000000000000000e+03 6.970712626190476990e-02
3.000000000000000000e+00 5.341000000000000000e+03 8.020691713958728875e-02
5.000000000000000000e+00 7.184000000000000000e+03 9.938408139442644895e-02
1.400000000000000000e+01 9.345000000000000000e+03 2.139251657640628135e-01
2.500000000000000000e+01 1.244600000000000000e+04 2.868291984322511312e-01
4.300000000000000000e+01 1.623700000000000000e+04 3.781601940224803005e-01
7.300000000000000000e+01 2.183900000000000000e+04 4.773129957767466847e-01
1.000000000000000000e+02 2.787800000000000000e+04 5.122141048407774511e-01
1.430000000000000000e+02 3.604400000000000000e+04 5.665212486154201921e-01
2.170000000000000000e+02 4.633000000000000000e+04 6.688220472266368510e-01
2.830000000000000000e+02 5.841600000000000000e+04 6.917796258858167624e-01
3.840000000000000000e+02 7.300300000000000000e+04 7.511102076441320552e-01
5.000000000000000000e+02 8.963700000000000000e+04 7.965184474464335196e-01
6.840000000000000000e+02 1.097430000000000000e+05 8.900049473123402555e-01
8.050000000000000000e+02 1.329020000000000000e+05 8.649231295145829446e-01
1.055000000000000000e+03 1.577270000000000000e+05 9.551235729813226660e-01
1.253000000000000000e+03 1.866550000000000000e+05 9.585716714196375055e-01
1.545000000000000000e+03 2.177470000000000000e+05 1.013186631218367717e+00
1.720000000000000000e+03 2.518270000000000000e+05 9.753024211610371585e-01
2.142000000000000000e+03 2.892020000000000000e+05 1.057624059072795220e+00
2.473000000000000000e+03 3.282650000000000000e+05 1.075753290995984823e+00
2.598000000000000000e+03 3.681510000000000000e+05 1.007688516633761466e+00
3.098000000000000000e+03 4.136670000000000000e+05 1.069408628585291954e+00
3.437000000000000000e+03 4.593510000000000000e+05 1.068434770976874892e+00
3.723000000000000000e+03 5.078540000000000000e+05 1.046808658104862566e+00
3.970000000000000000e+03 5.581950000000000000e+05 1.015588353793248411e+00
4.737000000000000000e+03 6.138620000000000000e+05 1.101909131164274802e+00
5.006000000000000000e+03 6.708370000000000000e+05 1.065582266670509703e+00
5.492000000000000000e+03 7.365050000000000000e+05 1.064799837646907443e+00
5.811000000000000000e+03 8.010720000000000000e+05 1.035839506043391589e+00
6.319000000000000000e+03 8.681610000000000000e+05 1.039348587697590531e+00
6.770000000000000000e+03 9.300120000000000000e+05 1.039473120732480549e+00
6.982000000000000000e+03 9.845280000000000000e+05 1.012662947286342652e+00
7.284000000000000000e+03 1.029957000000000000e+06 1.009866558221825583e+00
7.642000000000000000e+03 1.070901000000000000e+06 1.018992192502655270e+00
7.850000000000000000e+03 1.103604000000000000e+06 1.015709555200931424e+00
8.043000000000000000e+03 1.135369000000000000e+06 1.011565906987453856e+00
8.021000000000000000e+03 1.156480000000000000e+06 9.903838208971993406e-01
8.278000000000000000e+03 1.170485000000000000e+06 1.009886849096830463e+00
8.273000000000000000e+03 1.179494000000000000e+06 1.001567988751418836e+00
8.307000000000000000e+03 1.181543000000000000e+06 1.003940157033118119e+00
8.263000000000000000e+03 1.182708000000000000e+06 9.976388786098436823e-01
8.502000000000000000e+03 1.186048000000000000e+06 1.023604018850962527e+00
8.292000000000000000e+03 1.182691000000000000e+06 1.001154603560159728e+00
8.284000000000000000e+03 1.174399000000000000e+06 1.007250669367045326e+00
8.144000000000000000e+03 1.163789000000000000e+06 9.992557689695787948e-01
8.043000000000000000e+03 1.154886000000000000e+06 9.944709454010510763e-01
7.997000000000000000e+03 1.147460000000000000e+06 9.951824029035023500e-01
7.932000000000000000e+03 1.135403000000000000e+06 9.975755937812957885e-01
7.712000000000000000e+03 1.124271000000000000e+06 9.795106440650090951e-01
7.801000000000000000e+03 1.110433000000000000e+06 1.003161983297272686e+00
7.351000000000000000e+03 1.093263000000000000e+06 9.601407885681305654e-01
7.203000000000000000e+03 1.072196000000000000e+06 9.592954383401247620e-01
7.172000000000000000e+03 1.041146000000000000e+06 9.836527108723996937e-01
6.817000000000000000e+03 1.002750000000000000e+06 9.707642415573061179e-01
6.364000000000000000e+03 9.512690000000000000e+05 9.553004317503943632e-01
5.888000000000000000e+03 8.967340000000000000e+05 9.375993811905762865e-01
5.598000000000000000e+03 8.326100000000000000e+05 9.600733591114347654e-01
5.280000000000000000e+03 7.677060000000000000e+05 9.820919130746182946e-01
4.797000000000000000e+03 7.032320000000000000e+05 9.740567066965306608e-01
4.346000000000000000e+03 6.402830000000000000e+05 9.692390384393881897e-01
3.983000000000000000e+03 5.792560000000000000e+05 9.818675624793528067e-01
3.664000000000000000e+03 5.209460000000000000e+05 1.004328771912028628e+00
3.139000000000000000e+03 4.645180000000000000e+05 9.649435676013413676e-01
2.788000000000000000e+03 4.107270000000000000e+05 9.692876149736034952e-01
2.506000000000000000e+03 3.592330000000000000e+05 9.961345161988593988e-01
2.159000000000000000e+03 3.124800000000000000e+05 9.866055713980997899e-01
1.899000000000000000e+03 2.683930000000000000e+05 1.010338557384600655e+00
1.572000000000000000e+03 2.289630000000000000e+05 9.803934071788399374e-01
1.348000000000000000e+03 1.949080000000000000e+05 9.875824743101672132e-01
1.178000000000000000e+03 1.652740000000000000e+05 1.017779969733709100e+00
1.001000000000000000e+03 1.387640000000000000e+05 1.030078717791786280e+00
8.010000000000000000e+02 1.164400000000000000e+05 9.822984675898063234e-01
6.830000000000000000e+02 9.724000000000000000e+04 1.002972211895831522e+00
5.760000000000000000e+02 8.108700000000000000e+04 1.014341975075744084e+00
4.680000000000000000e+02 6.719800000000000000e+04 9.944951119532661199e-01
3.770000000000000000e+02 5.739500000000000000e+04 9.379516186359786456e-01
3.670000000000000000e+02 4.920800000000000000e+04 1.064985016057081735e+00
2.800000000000000000e+02 4.266800000000000000e+04 9.370632202424145074e-01
2.580000000000000000e+02 3.670800000000000000e+04 1.003626523429717698e+00
2.100000000000000000e+02 3.086300000000000000e+04 9.716152062656742139e-01
1.940000000000000000e+02 2.609200000000000000e+04 1.061713910034390418e+00
1.770000000000000000e+02 2.212200000000000000e+04 1.142515302509249153e+00
1.520000000000000000e+02 1.932500000000000000e+04 1.123148632259860946e+00
1.180000000000000000e+02 1.689600000000000000e+04 9.972665531135420647e-01
1.330000000000000000e+02 1.571200000000000000e+04 1.208741178947243311e+00
1.290000000000000000e+02 1.319600000000000000e+04 1.395920067522661290e+00
1.170000000000000000e+02 1.201300000000000000e+04 1.390745078936060475e+00
9.900000000000000000e+01 1.052200000000000000e+04 1.343538278521543283e+00
1.010000000000000000e+02 9.529000000000000000e+03 1.513516619046983314e+00
9.200000000000000000e+01 8.197000000000000000e+03 1.602677129385274624e+00
9.600000000000000000e+01 7.096000000000000000e+03 1.931838306392494875e+00
7.500000000000000000e+01 6.462000000000000000e+03 1.657324142844845749e+00
8.800000000000000000e+01 6.158000000000000000e+03 2.040591789051810601e+00
6.700000000000000000e+01 5.616000000000000000e+03 1.703573402044747054e+00
7.400000000000000000e+01 5.396000000000000000e+03 1.958271601726442102e+00
6.300000000000000000e+01 4.972000000000000000e+03 1.809349966470887194e+00
6.900000000000000000e+01 4.730000000000000000e+03 2.083056727733260782e+00
6.100000000000000000e+01 4.336000000000000000e+03 2.008878675506971412e+00
5.400000000000000000e+01 4.087000000000000000e+03 1.886697479805638178e+00
4.500000000000000000e+01 3.738000000000000000e+03 1.719041510604076173e+00
4.600000000000000000e+01 3.422000000000000000e+03 1.919512628517109354e+00
4.400000000000000000e+01 3.136000000000000000e+03 2.003501951049274421e+00
3.800000000000000000e+01 2.813000000000000000e+03 1.928976832422841348e+00
4.100000000000000000e+01 2.603000000000000000e+03 2.249172867479058091e+00
3.400000000000000000e+01 2.377000000000000000e+03 2.042503843927389706e+00
2.400000000000000000e+01 2.118000000000000000e+03 1.618074199971806459e+00
2.100000000000000000e+01 1.930000000000000000e+03 1.553728503159456098e+00
2.400000000000000000e+01 1.625000000000000000e+03 2.108973018794022103e+00
1.500000000000000000e+01 1.486000000000000000e+03 1.441403581569770331e+00
2.900000000000000000e+01 1.330000000000000000e+03 3.113576237802891722e+00
2.200000000000000000e+01 1.087000000000000000e+03 2.890056172258750777e+00
9.000000000000000000e+00 9.220000000000000000e+02 1.393877910333630510e+00
9.000000000000000000e+00 7.780000000000000000e+02 1.651870736924945016e+00
3.000000000000000000e+00 6.590000000000000000e+02 6.500533299583244329e-01
5.000000000000000000e+00 5.630000000000000000e+02 1.268162061700816245e+00
3.000000000000000000e+00 3.990000000000000000e+02 1.073646978552721176e+00
3.000000000000000000e+00 3.370000000000000000e+02 1.271172535437791629e+00
2.000000000000000000e+00 2.460000000000000000e+02 1.160935350792779985e+00
1.000000000000000000e+00 1.770000000000000000e+02 8.067516844492198524e-01
0.000000000000000000e+00 1.240000000000000000e+02 1.000000000000000000e+00
0.000000000000000000e+00 1.000000000000000000e+02 1.000000000000000000e+00
0.000000000000000000e+00 5.400000000000000000e+01 1.000000000000000000e+00
0.000000000000000000e+00 4.100000000000000000e+01 1.000000000000000000e+00
0.000000000000000000e+00 2.900000000000000000e+01 1.000000000000000000e+00
0.000000000000000000e+00 1.700000000000000000e+01 1.000000000000000000e+00
0.000000000000000000e+00 8.000000000000000000e+00 1.000000000000000000e+00
0.000000000000000000e+00 1.500000000000000000e+01 1.000000000000000000e+00
0.000000000000000000e+00 3.000000000000000000e+00 1.000000000000000000e+00
0.000000000000000000e+00 4.000000000000000000e+00 1.000000000000000000e+00
0.000000000000000000e+00 0.000000000000000000e+00 1.000000000000000000e+00
0.000000000000000000e+00 1.000000000000000000e+00 1.000000000000000000e+00
0.000000000000000000e+00 1.000000000000000000e+00 1.000000000000000000e+00
0.000000000000000000e+00 0.000000000000000000e+00 1.000000000000000000e+00
0.000000000000000000e+00 0.000000000000000000e+00 1.000000000000000000e+00
0.000000000000000000e+00 0.000000000000000000e+00 1.000000000000000000e+00
0.000000000000000000e+00 0.000000000000000000e+00 1.000000000000000000e+00
0.000000000000000000e+00 0.000000000000000000e+00 1.000000000000000000e+00
0.000000000000000000e+00 0.000000000000000000e+00 1.000000000000000000e+00
0.000000000000000000e+00 0.000000000000000000e+00 1.000000000000000000e+00
0.000000000000000000e+00 0.000000000000000000e+00 1.000000000000000000e+00
0.000000000000000000e+00 0.000000000000000000e+00 1.000000000000000000e+00
