0.000000000000000000e+00 4.800000000000000000e+01 1.000000000000000000e+00
0.000000000000000000e+00 1.500000000000000000e+01 1.000000000000000000e+00
0.000000000000000000e+00 1.200000000000000000e+01 1.000000000000000000e+00
0.000000000000000000e+00 1.800000000000000000e+01 1.000000000000000000e+00
0.000000000000000000e+00 3.400000000000000000e+01 1.000000000000000000e+00
0.000000000000000000e+00 2.900000000000000000e+01 1.000000000000000000e+00
0.000000000000000000e+00 4.200000000000000000e+01 1.000000000000000000e+00
0.000000000000000000e+00 5.400000000000000000e+01 1.000000000000000000e+00
0.000000000000000000e+00 9.700000000000000000e+01 1.000000000000000000e+00
0.000000000000000000e+00 1.320000000000000000e+02 1.000000000000000000e+00
0.000000000000000000e+00 1.990000000000000000e+02 1.000000000000000000e+00
0.000000000000000000e+00 2.830000000000000000e+02 1.000000000000000000e+00
0.000000000000000000e+00 4.060000000000000000e+02 1.000000000000000000e+00
0.000000000000000000e+00 5.440000000000000000e+02 1.000000000000000000e+00
0.000000000000000000e+00 6.770000000000000000e+02 1.000000000000000000e+00
0.000000000000000000e+00 8.750000000000000000e+02 1.000000000000000000e+00
0.000000000000000000e+00 1.226000000000000000e+03 1.000000000000000000e+00
0.000000000000000000e+00 1.501000000000000000e+03 1.000000000000000000e+00
0.000000000000000000e+00 1.965000000000000000e+03 1.000000000000000000e+00
0.000000000000000000e+00 2.407000000000000000e+03 1.000000000000000000e+00
0.000000000000000000e+00 3.301000000000000000e+03 1.000000000000000000e+00
2.000000000000000000e+00 4.367000000000000000e+03 6.642642854070936187e-02
4.000000000000000000e+00 5.888000000000000000e+03 9.853403989037966271e-02
5.000000000000000000e+00 8.163000000000000000e+03 8.884117770344167331e-02
1.200000000000000000e+01 1.090200000000000000e+04 1.596500899489695924e-01
1.400000000000000000e+01 1.478000000000000000e+04 1.373876518309163908e-01
4.400000000000000000e+01 2.010900000000000000e+04 3.173630063961465630e-01
4.300000000000000000e+01 2.716100000000000000e+04 2.296237468760896905e-01
7.300000000000000000e+01 3.631800000000000000e+04 2.915379093138564248e-01
1.220000000000000000e+02 4.791200000000000000e+04 3.693257851827087546e-01
1.610000000000000000e+02 6.275200000000000000e+04 3.721280466232289030e-01
2.610000000000000000e+02 8.104900000000000000e+04 4.670753476731945852e-01
3.840000000000000000e+02 1.031980000000000000e+05 5.397020192247652393e-01
4.750000000000000000e+02 1.293390000000000000e+05 5.326699656820716999e-01
6.200000000000000000e+02 1.598180000000000000e+05 5.626782099985990770e-01
8.130000000000000000e+02 1.944790000000000000e+05 6.063340142753377293e-01
1.056000000000000000e+03 2.347320000000000000e+05 6.525078161259761922e-01
1.323000000000000000e+03 2.779170000000000000e+05 6.904604870834070152e-01
1.700000000000000000e+03 3.250340000000000000e+05 7.586024275050797794e-01
1.959000000000000000e+03 3.765200000000000000e+05 7.546411533565642316e-01
2.420000000000000000e+03 4.317500000000000000e+05 8.129748656840904975e-01
2.840000000000000000e+03 4.876010000000000000e+05 8.447882245543679725e-01
3.259000000000000000e+03 5.486770000000000000e+05 8.615127402753242070e-01
3.660000000000000000e+03 6.132160000000000000e+05 8.656886163932745459e-01
4.185000000000000000e+03 6.844480000000000000e+05 8.868478198745612939e-01
4.646000000000000000e+03 7.578200000000000000e+05 8.892159454947035080e-01
5.119000000000000000e+03 8.377290000000000000e+05 8.862896524922885266e-01
5.935000000000000000e+03 9.204410000000000000e+05 9.352309418801658669e-01
6.225000000000000000e+03 1.002321000000000000e+06 9.007963659581382787e-01
6.864000000000000000e+03 1.085661000000000000e+06 9.170164724686041824e-01
7.160000000000000000e+03 1.151961000000000000e+06 9.015075025156705779e-01
7.623000000000000000e+03 1.203266000000000000e+06 9.188791003121372647e-01
8.049000000000000000e+03 1.245809000000000000e+06 9.370970325132700340e-01
8.448000000000000000e+03 1.281497000000000000e+06 9.561596457573144914e-01
8.686000000000000000e+03 1.313261000000000000e+06 9.593186266538771267e-01
8.762000000000000000e+03 1.330143000000000000e+06 9.554303101762094963e-01
8.896000000000000000e+03 1.336972000000000000e+06 9.650872130224203982e-01
8.943000000000000000e+03 1.340687000000000000e+06 9.674976787160518565e-01
9.247000000000000000e+03 1.341647000000000000e+06 9.996700777680370686e-01
9.187000000000000000e+03 1.341191000000000000e+06 9.935213063792818211e-01
9.302000000000000000e+03 1.340331000000000000e+06 1.006603351483162712e+00
9.299000000000000000e+03 1.328607000000000000e+06 1.015158395504933253e+00
9.302000000000000000e+03 1.316388000000000000e+06 1.024911862381591821e+00
9.264000000000000000e+03 1.304071000000000000e+06 1.030365736713315883e+00
9.163000000000000000e+03 1.292991000000000000e+06 1.027865486970046982e+00
9.104000000000000000e+03 1.280168000000000000e+06 1.031476602732210424e+00
9.197000000000000000e+03 1.260085000000000000e+06 1.058620851364250548e+00
8.684000000000000000e+03 1.233503000000000000e+06 1.021112761577928962e+00
8.546000000000000000e+03 1.185013000000000000e+06 1.046005270843010093e+00
8.271000000000000000e+03 1.130874000000000000e+06 1.060810722211194213e+00
7.844000000000000000e+03 1.061117000000000000e+06 1.072181752908494934e+00
7.291000000000000000e+03 9.864060000000000000e+05 1.072075798490272902e+00
6.931000000000000000e+03 9.055820000000000000e+05 1.110100290936531398e+00
6.302000000000000000e+03 8.257590000000000000e+05 1.106927513403864971e+00
5.643000000000000000e+03 7.435300000000000000e+05 1.100792985102523325e+00
5.277000000000000000e+03 6.643140000000000000e+05 1.152146721511600580e+00
4.616000000000000000e+03 5.871160000000000000e+05 1.140344266913586146e+00
4.041000000000000000e+03 5.126240000000000000e+05 1.143362685418590985e+00
3.490000000000000000e+03 4.446480000000000000e+05 1.138421745848513078e+00
3.104000000000000000e+03 3.806980000000000000e+05 1.182592761860201902e+00
2.695000000000000000e+03 3.217020000000000000e+05 1.215063871554207919e+00
2.300000000000000000e+03 2.697070000000000000e+05 1.236886122543610078e+00
1.881000000000000000e+03 2.228400000000000000e+05 1.224305343465085683e+00
1.615000000000000000e+03 1.820290000000000000e+05 1.286844416826999016e+00
1.344000000000000000e+03 1.488490000000000000e+05 1.309626476696858166e+00
1.080000000000000000e+03 1.215430000000000000e+05 1.288807049818829320e+00
8.820000000000000000e+02 9.932000000000000000e+04 1.288029985157465473e+00
8.630000000000000000e+02 8.082700000000000000e+04 1.548632735325885523e+00
6.510000000000000000e+02 6.698400000000000000e+04 1.409626350678280016e+00
5.650000000000000000e+02 5.494200000000000000e+04 1.491550913618560736e+00
5.070000000000000000e+02 4.386800000000000000e+04 1.676309567483129204e+00
4.110000000000000000e+02 3.528300000000000000e+04 1.689547540213717003e+00
3.660000000000000000e+02 2.972900000000000000e+04 1.785644019611215549e+00
3.220000000000000000e+02 2.504400000000000000e+04 1.864860180618180596e+00
3.200000000000000000e+02 2.163700000000000000e+04 2.145097478854020689e+00
2.900000000000000000e+02 1.873600000000000000e+04 2.244994179569026027e+00
3.090000000000000000e+02 1.565700000000000000e+04 2.862490322287757127e+00
3.040000000000000000e+02 1.404700000000000000e+04 3.138947849538422208e+00
2.640000000000000000e+02 1.252400000000000000e+04 3.057419049322953164e+00
2.120000000000000000e+02 1.104100000000000000e+04 2.784976598528343672e+00
2.190000000000000000e+02 9.669000000000000000e+03 3.285160965082419615e+00
2.070000000000000000e+02 8.564000000000000000e+03 3.505805241798020333e+00
1.940000000000000000e+02 7.701000000000000000e+03 3.653833100041026238e+00
2.280000000000000000e+02 6.731000000000000000e+03 4.913029316869657492e+00
2.110000000000000000e+02 6.214000000000000000e+03 4.924989462123077644e+00
1.690000000000000000e+02 5.566000000000000000e+03 4.403901551464241670e+00
1.640000000000000000e+02 5.231000000000000000e+03 4.547296024059792607e+00
1.590000000000000000e+02 4.682000000000000000e+03 4.925607639526608850e+00
1.580000000000000000e+02 4.250000000000000000e+03 5.392153614481163260e+00
1.440000000000000000e+02 3.852000000000000000e+03 5.422134830603321909e+00
1.360000000000000000e+02 3.511000000000000000e+03 5.618264458483306356e+00
1.010000000000000000e+02 3.077000000000000000e+03 4.760888130836050003e+00
1.120000000000000000e+02 2.843000000000000000e+03 5.713934559439871386e+00
9.300000000000000000e+01 2.526000000000000000e+03 5.340030057337060043e+00
8.800000000000000000e+01 2.125000000000000000e+03 6.006449595877751513e+00
6.500000000000000000e+01 1.881000000000000000e+03 5.012087685652060642e+00
5.800000000000000000e+01 1.609000000000000000e+03 5.228366805271010165e+00
5.900000000000000000e+01 1.407000000000000000e+03 6.082078391186704458e+00
3.700000000000000000e+01 1.152000000000000000e+03 4.658470441484060309e+00
2.900000000000000000e+01 9.340000000000000000e+02 4.503448709679365614e+00
1.400000000000000000e+01 7.230000000000000000e+02 2.808560849323574526e+00
1.200000000000000000e+01 5.700000000000000000e+02 3.053518036181871231e+00
7.000000000000000000e+00 4.680000000000000000e+02 2.169433220150581487e+00
5.000000000000000000e+00 3.330000000000000000e+02 2.177809410189772699e+00
5.000000000000000000e+00 2.280000000000000000e+02 3.180747954356115681e+00
1.000000000000000000e+00 1.610000000000000000e+02 9.008826504263283130e-01
0.000000000000000000e+00 1.050000000000000000e+02 1.000000000000000000e+00
0.000000000000000000e+00 6.200000000000000000e+01 1.000000000000000000e+00
0.000000000000000000e+00 4.500000000000000000e+01 1.000000000000000000e+00
0.000000000000000000e+00 3.200000000000000000e+01 1.000000000000000000e+00
0.000000000000000000e+00 1.800000000000000000e+01 1.000000000000000000e+00
0.000000000000000000e+00 1.300000000000000000e+01 1.000000000000000000e+00
0.000000000000000000e+00 5.000000000000000000e+00 1.000000000000000000e+00
0.000000000000000000e+00 4.000000000000000000e+00 1.000000000000000000e+00
0.000000000000000000e+00 2.000000000000000000e+00 1.000000000000000000e+00
0.000000000000000000e+00 1.000000000000000000e+00 1.000000000000000000e+00
0.000000000000000000e+00 0.000000000000000000e+00 1.000000000000000000e+00
0.000000000000000000e+00 0.000000000000000000e+00 1.000000000000000000e+00
0.000000000000000000e+00 0.000000000000000000e+00 1.000000000000000000e+00
0.000000000000000000e+00 0.000000000000000000e+00 1.000000000000000000e+00
0.000000000000000000e+00 0.000000000000000000e+00 1.000000000000000000e+00
0.000000000000000000e+00 0.000000000000000000e+00 1.000000000000000000e+00
0.000000000000000000e+00 0.000000000000000000e+00 1.000000000000000000e+00
